MARTINGALE CONSISTENCY TEST — SORTED BY WIN DAY %, THEN PNL/MAXDD
========================================================================================================================

Config                              Mart         Trades     PnL($)  WinDay%  UpD  DnD   AvgUp($)   AvgDn($)   Worst($)    Best($)   MaxDD($)  PnL/DD  BigLoss($)   WR%    EV($)     PF MaxCL
-----------------------------------------------------------------------------------------------------------------------------------------------------------------------------------------
LB=50_in=0.50_out=1.75              m1.5_max3      9974      3,614    55.0%   33   27      4,075     -4,847    -17,542     19,743     38,025    0.10      -3,156 44.5%        0   1.00    17
LB=100_in=0.75_out=1.75             none           5477      8,444    53.3%   32   28      2,361     -2,397     -8,805      9,000     25,912    0.33      -2,263 30.9%        2   1.01    23
LB=50_in=0.50_out=1.75              m1.5_max2      9974     -2,631    53.3%   32   28      3,346     -3,917    -13,989     16,825     41,441   -0.06      -2,518 44.5%       -0   1.00    17
LB=100_in=0.75_out=1.75             m1.5_max2      5477      9,775    51.7%   31   29      4,134     -4,082    -14,531     16,015     52,109    0.19      -2,265 30.9%        2   1.01    23
LB=100_in=0.75_out=1.75             m2.0_max3      5477      6,827    51.7%   31   29      6,006     -6,185    -24,836     22,867     76,985    0.09      -3,398 30.9%        1   1.00    23
LB=50_in=0.50_out=1.75              m2.0_max2      9974    -11,378    51.7%   31   29      3,856     -4,514    -15,402     17,088     50,243   -0.23      -2,518 44.5%       -1   0.99    17
LB=50_in=0.50_out=1.75              none           9974    -18,418    51.7%   31   29      2,001     -2,774     -8,768      6,774     39,987   -0.46      -1,259 44.5%       -2   0.98    17
LB=50_in=0.50_out=1.75              m2.0_max3      9974      4,408    48.3%   29   31      5,707     -5,197    -20,623     27,601     52,569    0.08      -3,776 44.5%        0   1.00    17
LB=100_in=0.75_out=1.75             m1.5_max3      5477      3,651    48.3%   29   31      5,872     -5,376    -23,548     20,944     79,889    0.05      -3,350 30.9%        1   1.00    23
LB=100_in=0.75_out=1.75             m2.0_max2      5477      5,496    46.7%   28   32      4,635     -3,884    -15,783     15,852     50,788    0.11      -2,921 30.9%        1   1.00    23
LB=50_in=1.00_out=1.25              m2.0_max3      6413    -27,286    43.3%   26   34      5,206     -4,783    -15,054     24,526     49,344   -0.55      -2,325 25.2%       -4   0.98    24
LB=20_in=1.00_out=1.25              m2.0_max3      8290    -68,651    43.3%   26   34      2,392     -3,848    -10,187     11,741     77,242   -0.89      -1,746 34.1%       -8   0.94    16
LB=20_in=1.00_out=1.25              m1.5_max2      8290    -43,121    43.3%   26   34      1,665     -2,542     -6,754     10,610     47,345   -0.91      -1,164 34.1%       -5   0.94    16
LB=50_in=1.00_out=1.25              m1.5_max3      6413    -15,193    41.7%   25   35      5,412     -4,299    -14,346     21,735     38,412   -0.40      -2,062 25.2%       -2   0.99    24
LB=50_in=1.00_out=1.25              m1.5_max2      6413    -17,717    40.0%   24   36      3,790     -3,018     -9,794     18,399     30,758   -0.58      -1,550 25.2%       -3   0.98    24
LB=20_in=1.00_out=1.25              m2.0_max2      8290    -60,921    38.3%   23   37      1,896     -2,825     -7,449      8,359     67,738   -0.90      -1,164 34.1%       -7   0.93    16
LB=20_in=1.00_out=1.25              m1.5_max3      8290    -54,864    38.3%   23   37      2,361     -2,950     -8,205     11,803     60,211   -0.91      -1,715 34.1%       -7   0.94    16
LB=50_in=1.00_out=1.25              m2.0_max2      6413    -29,274    36.7%   22   38      4,157     -3,177    -10,926     16,092     47,488   -0.62      -1,550 25.2%       -5   0.97    24
LB=20_in=1.00_out=1.25              none           8290    -35,392    36.7%   22   38      1,139     -1,591     -4,111      7,228     37,841   -0.94        -593 34.1%       -4   0.93    16
LB=20_in=1.00_out=1.50              m1.5_max3     12976   -143,390    35.0%   21   39      3,702     -5,670    -19,242     15,719    148,521   -0.97      -1,884 35.4%      -11   0.91    15
LB=50_in=1.00_out=1.25              none           6413    -19,705    33.3%   20   40      2,336     -1,661     -6,385      9,965     28,902   -0.68        -775 25.2%       -3   0.96    24
LB=20_in=1.00_out=1.50              m1.5_max2     12976   -125,087    30.0%   18   42      3,247     -4,370    -15,645     10,456    128,798   -0.97      -1,742 35.4%      -10   0.91    15
LB=20_in=1.00_out=1.50              m2.0_max3     12976   -178,588    30.0%   18   42      4,998     -6,394    -23,882     14,923    183,590   -0.97      -2,614 35.4%      -14   0.92    15
LB=20_in=1.00_out=1.50              m2.0_max2     12976   -150,008    30.0%   18   42      3,768     -5,187    -17,588     13,666    153,663   -0.98      -1,742 35.4%      -12   0.91    15
LB=20_in=1.00_out=1.50              none          12976    -96,508    26.7%   16   44      2,293     -3,027     -9,352      9,199     98,871   -0.98        -871 35.4%       -7   0.90    15

========================================================================================================================
*** = Win day% > 60% AND Max DD < $10,000

No configs met the >60% win day / <$10K max DD criteria.
